6156
1250
7998
9564
8873
6118
5972
5982
1873
5065
10
7958
2709
9741
9968
3655
6997
7906
9518
6824
8801
8868
2856
7494
9426
9080
2280
1629
2499
220
6183
6177
6041
264
8634
8568
9369
6878
5754
276
5420
8362
941
857
8105
642
8986
8741
6236
4975
5683
9225
7657
507
7886
4222
8252
8748
5080
2120
3028
1083
6223
3190
9322
1855
3874
6066
9515
8504
7393
3322
3422
7566
14
7075
9452
8619
8651
7561
3754
1796
9225
5054
3299
9876
369
4373
637
3650
3602
5711
1354
7778
605
9795
8023
4593
5170
758
1021
9263
5947
9710
507
7708
320
3266
4055
3822