1088
4312
2871
935
8109
1523
4648
3165
103
1582
9893
638
6190
5583
429
3969
3619
9302
5522
6014
6166
7893
1553
1902
246
7958
5264
4130
1309
8692
9457
9526
81
8183
2047
340
4406
4429
7785
4117
468
2504
769
593
3145
4709
3789
8399
5803
213
4003
9706
149
7397
5587
3246
1867
3063
8586
5458
8765
6889
4420
9167
8236
6689
9244
1511
5068
7817
1421
4604
2582
3528
4115
3602
7744
2962
6800
9204
5833
347
1389
2389
5434
4821
7709
3264
8124
6812
8714
733
4686
5103
7730
6115
4068
4905
5123
7297
8006
3574
409
3763
5951
9608
3392
2145
8833
5694
3217
7429
6698
5135
7848
3589
1205
5802
4125
7531