5983
8198
9503
3801
8288
983
9148
3352
3809
3792
2277
1317
5300
7090
1418
3357
1028
4386
5507
9718
7174
6212
1684
9188
2256
7540
2150
8768
8959
9571
6646
7577
7903
2156
2140
6040
6467
8921
5220
5618
2090
6178
1608
9500
2170
5383
3497
93
1310
4006
3641
9529
6770
1619
5985
4081
3602
8818
6573
2852
4067
2075
2650
1138
4608
3579
4070
3211
7543
3068
9941
3956
6075
5667
2949
6905
3247
4189
2749
1234
1501
7937
4382
873
5431
6442
562
119
313
5003
1044
4986
6686
8335
8512
7463
6309
5127
6005
6338
9813
4678
2820
827
2628
8351
6174
9005
5596
3336
5704
8743
2484
4422
8026
1430
2533
6198
257
66
8609
9869
8784
6055
268
7642
1757
1147
4550
8327
3122
3365
8628
3816
9210
7121
6815
7522
9529
8599
9881
3639
8108
6332
9453
2768
4370
8291
2574
6523
961
6085
1142
2347
146
4877
3313
1427
56
257