8647
4701
3209
3111
1887
9935
1501
1171
5007
9537
9671
9
4029
1416
2157
1658
726
4761
2387
1396
4628
2045
1906
5910
421
9843
1668
437
7773
5199
9511
6186
7928
1006
5618
8841
4942
3578
6700
9813
9134
897
7247
8435
8687
4456
8180
4755
8112
7598
2799
619
6080
9693
253
2108
1536
356
2185
7600
3157
2663
201
667
991
4000
5933
7750
5908
8860
7560
378
7187
5196
418
747
5588
4653
9859
7834
4104
9783
902
3294
8923
3991
1074
2019
6772
6889
6369
6351
6118
1202
9062
1989
2694
7959
8234
8122
7494
7988
1720
8324
3225
6330
6169
9831
9992
1604
1515
4145
5850
1168
4291
9757
2345
7631
9854
3906
5072
4680
3807
402
1425
1788
2093
567
1197
9907
855
4093
5264
4107
2429
3045
1829
4410
9756
7876