8319
6736
3649
6079
5941
1696
3248
1198
2167
5004
7376
2422
3301
9310
1045
7114
2822
1908
2005
161
4170
8755
6173
5108
587
6435
7761
8291
337
7490
9669
4284
4342
2567
2968
771
343
1798
9356
9824
5336
3450
9263
4348
9432
1186
4402
9459
243
3616
8562
2747
6699
4631
9357
4698
8654
1117
436
5746
2957
9188
2431
9049
4963
4576
5387
8597
150
902
6120
5004
4829
8323
7936
3186
9129
6
9778
8003
458
7204
5883
6197
7208
1130
8661
1171
3228
7749
3043
9027
6608
7572
9745
5061
8518
1138
5917
8087
1740
1709
7425
8331
4410
44
17
6377
9079
4224
1530
3861
209
9599
1831
3289
1711
7645
1868
9880
1819
2074
169
47
6187
5128
7323
719
7911
8990