8423
5006
8266
2623
2783
6237
3510
2133
1684
2334
243
9927
7859
6382
3732
612
3965
6076
6721
2596
9018
9919
2127
7430
4080
7029
5658
3028
6503
4052
3034
2033
3137
7200
3592
9506
2668
8277
3377
2044
8435
2598
7228
839
560
9680
986
4072
2421
3603
3463
6356
7047
9359
2965
7207
9162
5734
907
7349
2718
3334
2800
8981
4766
4939
1246
7811
3837
7454
4856
1406
4738
4773
5856
4130
2959
5979
9902
4648
6048
4877
4509
2903
9683
4036
6861
6158
2561
8446
7609
2468
6898
8463
1689
935
2662
6636
3527
4970
3177
1443
7458
4388
7492
5541
5616
2967
2174
230
7851
7044
8208
5765
4729
1766
9905
6331
6029
193
2432
3160
5141
1780
3878
9622
9034
829
8328
5234
8806
687
833
9009
3543
2713
3594
884
5998
4052
2796
5725
8385
1380
4452
8392
1672
3280
6487
5139
2631
7371
7990
6561
3190
8414
2838
1122
2590
8378
3408
1454
6620
4037
2546
7984
6637
9356
3879
7289
4675
6907
1479
6759
1719
8554
9268
4627
4115
682
2577
9469
1694
7798
166
5557
8280
8454
5451
1532
9960
3078
7969
8636
4114
9017
9313
6833
1347
9232