7293
9807
6379
6811
8056
7733
6939
9364
7318
2932
9182
9721
4282
6787
3274
2491
4923
4543
3849
3544
6093
5421
2819
8011
8159
3851
2645
9885
1329
1887
6612
6118
3173
6160
6290
3456
9642
1166
9085
3000
2819
4094
3003
9662
3188
566
8114
5347
4938
7520
775
1887
1314
9098
5276
5986
7822
2242
9768
6560
5039
4112
5654
6729
7950
252
4411
6897
7549
3169
3533
3600
6798
2219
4735
2942
7175
2353
6900
5858
2587
3440
9500
8881
8830
7200
8064
9191
3809
9117
5084
5856
5062
111
8454
864
430
9970
4777
4929
4252
9447
7012
8462
8644
3956
4348
8812
9352
5283
3876
8844
2934
202
2440
3848
906
3154
3782
3396
9066
4040
2094
6473
1282
967
5582
4652
4454
6014
5298
4481
86
6880
634
6922
8850
1205
4112
7398
2179
754
487
6784
5005
7968
819
8658
1203
7931
4439
7454
835
1032
6666
1187
1273
9234
6748
6696
7668
1530
7056
1381
5915
7260
4049
1930
5532
2240