995
2009
7124
6883
6836
9864
1516
3369
4710
7443
8372
5865
5260
4294
466
2803
7266
143
7380
2134
6159
7159
1578
5306
2906
932
298
1618
8232
7429
1564
2617
6986
2034
7924
7403
6042
1939
8015
4598
5812
8595
2435
7718
6584
6361
6122
3331
3479
6594
3528
8895
8173
8502
5591
5683
6282
5924
9487
7102
1423
8056
9790
9193
6458
2500
2415
7805
43
8937
2342
8351
1971
9772
9337
4586
5044
9737
3307
9297
2862
4846
3153
9433
4029
2920
3268
5412
5564
9793
39
5284
9040
8326
8130
249
7609
7998
3145
7589
3929
1445
1406
2166
8657
9382
8736
8945
5694
8493
3471
754
7399
1244
1742
1858
4797
5932
2422
4214
665
3505
2522
483
7867
6408
8967
6436
7506
3616
7766
4594
2263
1290
6268
4633
2636
5417
8472
6569
2458
7703
5990
164
8631
1861
7153
8713
1323
9397
9451
5644
7276
5288
4705
5730
805
4190
9933
7445
835
1947
7903
3636
9269
7911
3554
95
6817
2007
4098
6419
9974
2123
6453
6422
4151
1919
1999
4856
4762
9167
4536
8702
5341
5078
8360
9096
4219
1815