1559
8629
9066
7853
2255
3740
2949
3733
4779
3377
9989
5036
2475
1320
6034
2451
727
4078
2917
2155
5233
5980
3812
5940
6974
2765
3120
3489
1220
4641
6092
8011
2226
7881
4030
5440
5926
3370
6127
9884
4246
6122
2374
3362
2237
2959
8143
4746
7773
4158
4170
3862
2733
1337
5560
1057
2040
5492
949
6068
4736
7260
9313
4314
1420
1769
9815
4827
2754
5992
5532
2433
2334
6260
2150
5084
4322
9784
7663
2652
7945
1762
3181
4805
5614
6205
529
6996
2451
4134
8136
6352
6269
8204
1561
3601
877
4840
9760
5045
8706
5960
5767
8849
4089
7185
4538
7031
8639
50
8099
6921
6473
8710
847
9664
5035
2127
9332
2130
5826
9532
2158
6313
5833
3735
9951
1689
33
5595
4979
9469
4265
5790
2857
2527
3228
762
8662
7324
5166
9244
8080
8670
3108
6800
5307
8044
5905
5623
9805
2432
3002
4925
5717
2934
9155
1695
6357
7319
1640
9038
2271
6827
8471
7441
1236
1517
6385
5215
7496
1584
977
9741
6496
8036
4582
1286
3666
3786