5687
176
8946
1922
1764
3019
7127
1616
8263
3933
3057
4825
8041
8384
1558
3903
8819
2036
2230
1367
7792
8312
4332
1238
1536
2185
8204
3973
7530
3205
4528
4660
1552
1128
3892
7521
9924
9462
9734
8907
1412
9040
1867
9048
9783
3008
7179
1614
5327
5752
7780
8197
496
3160
382
382
5361
9192
1464
1526
8282
6039
1119
2870
5839
8178
5067
6635
1078
6339
1505
9591
699
3553
6345
2444
9608
9918
7985
3516
358
584
2998
9701
1694
9457
6741
6229
469
6043
1699
7747
5295
5688
2849
9585
2520
1363
9188
5279
4665
4013
6416
2648
4541
1894
983
1118
573
1258
2741
7154
8505
4951
4088
8291
1432
385
3673
6992
1167
5726
7309
4556
7951
7254
6645
1370
7724
4724
8085
346
3885
2919
3218
5611
2498
7844
5010
744
4148
9320
5277
1878
8971
1448
7554
6060
8914
2903