252 582
589 504
877 877
735 980
811 801
123 325
159 874
999 882
10 966
234 379
71 550
612 567
894 234
386 942
649 349
257 710
520 102
602 144
13 948
44 691
650 764
127 447
124 424
795 376
855 19
327 591
12 977
68 880
534 453
744 444
926 307
531 283
278 410
493 705
45 312
921 849
615 891
704 432
10 288
98 530
982 893
951 521
666 388
883 192
223 143
194 768
890 385
492 432
724 404
143 904
730 841
349 981
624 110
469 520
452 484
657 364
409 290
952 251
598 882
567 438
254 826
701 721
739 70
390 595
604 927
873 907
787 725
456 247
70 977
409 828
445 608
9 38
389 117
798 252
364 128
391 196
553 714
580 804
2 614
94 504
223 375
265 382
482 424
967 573
306 462
901 514
430 689
575 395
794 980
225 860
45 254
573 234
273 273
386 532
685 798
783 298
992 115
896 209
768 452
862 186
157 340
845 538
798 370
273 525
508 97
527 18
928 382
295 655
546 114
544 834
176 808
328 419
305 199
753 325
344 905
214 377
835 269
480 635
356 557
811 528
480 293
997 925
508 15
529 574
538 117
517 399
773 907
949 580
439 750
915 79
498 242
493 256
623 362
667 24
891 877
708 808
912 38
326 102
86 781
76 254
224 787
603 309
320 40
371 784
711 592
270 127
402 92
942 966
137 692
73 533
167 847
186 796
224 490
753 163
288 317
75 173
28 459
772 356
949 282
12 150
