207 930
613 784
729 746
670 627
551 723
207 135
95 701
805 486
862 760
859 49
997 396
307 888
898 431
699 384
982 514
464 125
115 895
689 583
243 41
174 635
675 247
706 543
912 872
531 803
854 279
995 615
682 910
490 937
844 270
501 544
597 293
583 566
987 169
76 625
612 503
282 278
780 783
36 985
224 854
395 587
608 88
154 13
973 688
89 812
921 462
995 225
902 44
707 53
640 520
901 610
370 724
462 688
990 267
678 193
157 968
297 28
730 310
983 629
887 294
556 738
552 450
120 546
235 438
191 831
602 926
146 54
566 761
951 870
741 201
381 720
621 672
546 455
105 559
740 970
565 223
554 707
174 337
662 18
381 101
81 151
441 117
730 182
889 362
617 523
382 336
255 293
746 962
444 312
663 683
316 540
354 32
238 94
157 924
646 855
124 729
789 318
314 788
314 603
37 710
811 371
958 384
652 558
704 279
783 877
918 365
481 790
304 932
477 772
587 263
397 108
996 928
987 168
117 459
581 545
567 923
368 153
342 207
938 652
402 271
204 761
328 697
646 336
993 808
670 503
992 519
472 676
292 764
135 634
780 83
229 127
4 346
495 134
313 269
237 206
376 996
308 16
970 544
771 931
407 834
92 577
450 599
229 452
499 713
800 547
34 496
565 246
887 663
157 608
173 25
210 327
204 703
173 486
440 943
324 107
615 373
217 132
128 729
549 99
211 328
195 516
895 952
852 643
539 858
201 579
959 431
315 744
164 736
523 121
893 402
604 802
742 505
468 470
913 902
71 836
782 962
21 296
577 669
948 790
502 711
727 34
153 902
843 689
483 803
957 777
13 987
442 463
827 199
399 727
607 250
346 258
821 947
14 411
946 697
414 539
398 700
128 207
514 272
185 403
489 903
94 587
