440 491
299 188
983 744
921 46
98 401
432 211
797 236
248 893
405 956
960 928
517 351
106 570
285 177
760 547
905 400
136 61
101 793
77 230
168 24
336 442
665 541
359 576
996 693
294 305
798 691
344 184
931 846
658 641
680 860
298 573
909 336
888 802
813 633
293 577
294 509
851 209
98 208
147 993
9 660
944 162
667 313
290 126
559 789
852 692
859 946
291 566
444 411
719 788
498 726
775 509
834 16
233 859
800 700
729 494
351 431
542 432
16 115
811 781
140 492
770 776
374 292
713 807
772 681
115 997
216 846
417 920
682 911
127 507
643 63
615 147
824 997
617 973
486 475
764 325
519 393
189 138
714 850
628 571
960 715
392 260
230 930
699 888
151 805
344 28
206 13
744 310
751 666
448 280
380 904
267 120
229 43
428 216
785 102
450 525
756 321
807 993
30 375
741 753
211 728
234 726
947 542
732 579
317 449
203 395
840 517
889 530
857 251
313 274
762 741
345 668
710 79
401 425
859 977
341 356
460 172
719 495
629 169
837 18
307 95
117 968
201 349
321 991
268 67
504 662
741 650
196 10
950 928
241 282
283 309
209 761
788 603
921 725
338 870
443 356
551 458
115 781
111 4
567 799
538 164
22 544
401 885
116 308
734 987
573 297
846 615
833 257
149 531
11 37
183 941
694 196
