527 977
594 412
641 273
431 797
730 551
663 901
256 974
319 375
640 216
541 757
925 88
642 724
935 911
619 310
55 295
55 216
69 332
947 670
306 683
359 349
443 759
558 647
579 904
874 479
214 372
874 199
790 955
518 274
230 579
646 929
544 883
881 360
145 77
647 11
151 900
492 143
75 97
236 262
450 465
702 184
837 738
307 647
232 719
699 461
397 764
232 507
42 707
797 877
667 852
741 233
594 52
798 997
273 541
221 160
163 668
245 500
273 852
155 330
338 563
638 323
512 820
95 829
239 32
781 150
432 818
199 208
851 191
667 585
70 809
229 958
632 866
177 943
779 346
348 72
530 445
879 93
460 478
567 2
603 952
455 971
171 754
950 772
423 633
5 295
226 918
706 215
316 214
907 673
609 395
764 513
899 451
491 575
676 423
170 191
100 457
819 345
78 257
428 53
310 273
230 66
896 976
594 38
559 489
792 235
133 479
34 689
92 425
522 488
50 802
93 633
586 731
46 506
390 523
48 981
418 177
959 945
697 103
740 393
84 238
487 731
868 539
359 239
356 565
710 876
344 61
305 896
467 858
294 249
303 726
85 644
497 265
88 676
914 681
867 109
862 696
651 756
665 301
525 614
162 231
532 754
395 380
68 505
842 740
358 825
725 324
528 499
332 208
594 672
527 885
656 330
532 539
551 973
845 825
917 410
861 27
515 371
549 649
607 412
6 463
437 909
75 805
144 100
913 853
870 319
195 508
751 458
710 952
195 904
223 316
839 986
246 462
782 772
404 31
223 466
458 740
486 533
89 143
529 279
203 860
843 765
