777 794
816 812
628 745
703 185
40 755
484 195
946 342
65 378
297 419
677 802
886 735
312 207
667 145
172 982
320 810
938 501
453 354
800 617
916 803
530 989
724 141
764 543
95 445
429 71
492 904
376 130
575 933
582 502
566 157
760 813
779 214
326 851
552 890
957 610
836 266
816 346
156 399
529 228
20 396
995 902
911 924
416 639
573 82
425 962
490 792
750 588
948 98
871 664
633 835
522 931
910 497
745 335
416 693
846 525
797 822
541 617
50 279
543 714
513 793
677 57
941 799
788 258
637 530
51 941
291 244
517 265
1000 958
186 273
320 741
44 498
759 451
324 519
147 928
478 19
789 882
257 815
161 435
695 234
86 898
512 404
580 979
508 559
61 686
214 410
460 710
29 249
901 639
138 438
675 156
576 323
772 799
272 769
354 806
815 594
256 109
668 470
622 859
320 307
349 988
71 341
847 345
406 599
416 581
669 680
356 373
254 752
72 470
565 112
744 604
713 11
71 154
397 976
173 742
577 291
572 771
469 555
625 497
613 149
745 379
896 950
