498 537
176 774
126 313
987 843
554 527
139 578
248 269
853 20
217 289
432 100
86 256
443 530
561 181
243 605
705 836
760 446
72 602
272 100
673 254
509 613
534 503
59 186
288 488
421 408
879 555
167 563
756 971
553 192
596 560
58 673
236 420
386 505
816 730
363 975
381 111
87 546
688 74
38 497
715 455
426 492
631 895
546 10
896 232
888 197
132 871
635 57
683 589
8 681
586 328
995 272
994 431
193 646
27 814
706 20
319 869
970 531
494 930
424 339
649 762
500 610
504 803
556 672
831 349
451 517
514 531
660 914
744 856
618 756
278 124
867 666
246 17
360 977
179 747
141 125
510 839
210 652
768 816
36 23
217 282
41 305
326 461
966 448
59 482
886 952
800 500
113 887
489 457
380 632
12 746
282 520
2 670
386 105
442 567
672 672
245 351
149 851
389 508
283 884
610 313
893 103
264 366
350 122
284 161
356 719
781 799
273 710
407 157
871 423
650 731
60 746
371 310
577 29
522 959
420 188
616 550
456 500
604 784
336 334
691 539
122 763
806 843
867 77
761 140
966 673
608 150
99 711
804 536
618 951
823 942
672 969
