344 13
39 772
954 729
319 61
983 888
553 325
659 433
224 977
362 416
734 796
819 596
250 959
994 621
286 420
713 265
205 41
443 751
321 737
122 638
467 419
113 144
707 208
429 374
469 210
278 241
47 676
135 377
563 960
821 227
845 359
717 442
894 641
532 166
934 729
120 107
135 499
734 144
472 369
559 747
759 120
237 654
195 726
47 55
508 147
179 293
837 202
560 460
599 339
537 611
404 595
611 122
420 273
134 924
749 150
513 287
317 163
18 709
974 526
583 539
282 375
545 224
64 228
465 281
37 37
330 801
78 610
997 237
687 533
101 838
747 869
419 211
765 166
678 843
109 552
542 798
70 461
555 636
201 224
505 195
101 711
24 24
281 386
82 923
170 653
788 444
42 107
945 780
180 656
997 159
773 503
466 554
232 731
685 915
489 488
60 437
151 882
963 953
432 491
330 309
886 503
218 259
48 19
288 262
997 696
823 802
501 797
538 827
474 217
641 986
678 756
350 469
982 270
520 70
347 435
241 620
487 681
269 634
120 177
179 309
637 226
397 107
356 804
196 868
253 885
999 774
750 1
906 711
297 956
782 346
702 28
827 529
713 677
103 828
326 770
359 729
876 15
724 147
849 9
589 682
195 385
