719 214
79 906
58 390
163 563
353 36
912 322
215 206
565 771
678 555
766 181
576 880
643 407
48 616
896 814
128 300
659 86
276 914
303 728
466 828
132 572
354 655
216 228
996 106
403 793
56 632
850 330
193 913
470 179
310 624
301 931
410 737
327 135
464 228
75 498
350 459
427 398
371 666
448 667
206 162
298 553
728 396
45 164
360 525
883 473
800 513
760 189
749 538
197 123
858 261
124 587
670 618
348 607
60 722
184 849
912 810
868 516
273 311
383 98
541 100
288 749
897 402
876 560
210 683
875 507
44 550
354 560
29 421
346 112
413 317
256 535
731 26
788 579
324 639
448 917
344 38
791 574
178 911
449 966
34 149
744 194
628 764
909 307
669 388
477 966
625 26
860 767
530 214
725 803
799 766
749 212
838 122
741 443
698 488
571 278
131 700
907 121
148 450
611 1
183 875
948 784
984 776
36 456
317 172
302 863
666 752
42 698
600 750
744 698
7 748
727 911
937 770
597 493
518 505
634 955
424 394
89 610
734 798
346 163
726 309
239 812
577 580
471 19
180 468
570 621
925 69
998 105
593 734
134 77
486 276
898 670
504 835
371 580
50 464
403 917
257 515
656 641
105 205
175 13
869 34
669 881
464 853
244 818
859 916
683 248
814 630
271 440
980 225
834 163
873 243
574 937
902 724
600 738
281 160
837 660
12 230
643 801
218 389
968 207
853 248
87 420
348 446
311 730
695 981
946 338
515 624
643 978
872 475
779 367
933 777
857 72
