283 314
253 425
873 628
846 323
980 516
922 596
153 276
770 877
364 679
68 670
538 551
809 742
494 595
84 174
550 527
103 286
198 104
322 537
114 673
432 619
923 12
197 65
774 935
798 12
263 799
179 115
873 133
282 174
1000 108
785 909
524 298
391 91
825 905
991 410
405 624
272 625
231 572
723 294
262 944
872 341
132 638
917 322
810 743
320 373
563 520
719 72
964 697
521 308
772 928
281 765
744 412
703 339
414 739
467 33
411 441
318 412
77 939
726 56
138 273
828 914
735 314
435 622
13 998
752 915
959 125
383 331
380 358
752 766
511 76
765 234
115 677
719 983
639 771
938 635
245 888
597 29
338 179
86 875
788 937
656 582
907 861
687 392
756 671
868 438
558 144
216 642
416 484
155 558
454 460
520 37
648 184
14 221
963 373
62 650
533 499
923 730
843 273
687 632
804 137
275 289
246 183
253 58
681 176
358 466
399 482
276 229
528 228
853 2
761 157
551 364
946 87
529 279
81 962
751 209
921 734
944 172
541 359
255 951
964 450
151 446
382 160
930 936
384 149
60 355
436 376
972 531
647 282
476 705
643 344
888 372
923 799
283 152
978 959
566 256
866 70
477 249
3 213
15 683
433 92
284 76
797 902
622 757
220 195
610 201
884 223
461 963
333 499
636 159
81 140
457 663
85 365
546 560
172 809
565 565
30 835
88 250
867 832
896 42
357 618
772 425
255 46
78 36
232 67
638 440
275 79
430 145
720 485
997 145
127 167
158 554
172 184
573 450
759 511
972 185
41 785
940 235
324 250
508 15
957 728
27 729
491 678
473 639
517 736
583 521
306 566
812 241
609 440
877 423
318 725
338 343
