177 247
533 879
81 702
364 201
627 346
130 674
453 287
501 404
641 646
643 184
400 625
129 580
353 10
907 847
892 433
821 269
705 68
337 446
93 553
358 856
412 437
828 745
103 157
831 26
509 45
442 630
10 752
536 496
858 466
292 848
60 310
890 826
950 666
72 935
2 199
116 27
992 981
196 405
96 644
840 244
991 547
158 912
76 939
913 854
637 881
709 813
234 703
151 138
792 184
165 53
995 147
693 765
766 787
326 980
428 50
486 821
459 177
567 655
258 827
156 20
816 12
901 9
757 322
830 234
712 798
112 821
735 366
32 319
235 362
271 477
77 686
195 232
35 7
749 464
810 787
608 875
870 823
256 523
111 684
143 880
235 389
88 843
108 677
204 657
852 249
285 515
478 785
999 760
421 311
488 366
26 861
337 129
780 55
456 487
464 721
242 720
552 187
401 503
345 643
417 892
889 594
870 406
977 835
824 498
314 60
793 219
629 725
758 618
116 323
958 978
