85 65
97 77
18 3
33 85
26 90
1 35
36 55
91 30
41 11
100 96
98 77
35 73
41 52
45 41
91 34
38 87
17 11
62 91
90 19
21 73
24 6
6 99
19 5
73 32
44 27
52 1
12 28
70 21
67 52
94 75
61 42
45 80
36 91
37 69
9 14
9 86
20 17
96 38
92 79
62 76
55 51
21 84
96 92
18 95
51 63
36 75
12 34
81 65
82 9
27 86
63 63
31 12
75 98
61 37
6 46
20 90
13 60
88 42
70 79
33 93
30 58
92 66
26 78
97 28
42 31
97 99
10 36
34 13
35 4
50 35
69 73
91 70
66 3
55 15
7 46
90 61
42 64
14 25
5 46
49 53
48 71
45 21
62 41
34 12
77 40
71 81
51 29
78 99
91 60
73 2
69 36
23 56
60 91
74 61
58 44
9 41
32 8
89 33
36 51
16 24
